-429
-206
-347
-158
-341
-204
-426
-165
-447
-344
2
-288
-499
-483
-41
-177
-413
-372
-13
-100
-435
-462
-207
-241
-438
-20
-293
-71
-429
-469
-294
-474
-213
-327
-208
-337
-346
-25
-145
-428
-285
-58
-283
-448
-314
-378
-334
-131
-9
-245
-475
-411
-144
-130
-172
-215
-97
-85
-462
-289
-111
-377
3
-476
-146
-413
-253
-402
-403
-498
-337
-101
-262
-446
-89
-75
-251
-448
-485
-357
-244
-477
-492
-313
-40
-70
-281
-267
-416
-345
-5
-259
-263
-134
-240
-350
-51
-478
-331
-370
-348
-230
-414
-396
9
-408
-410
-317
-207
-135
-411
-364
0
-288
-333
-287
0
-309
-182
-487
-143
-254
-65
-281
-298
-256
-392
-171
-265
-498
-351
-105
-380
-198
-38
-394
-489
-428
-20
-417
-415
-156
-2
1
-386
-421
-354
-186
-375
-329
-51
-12
-56
-5
-69
-142
-155
-454
-40
-288
-154
-273
-62
-288
-238
-143
-2
-251
-194
-285
-321
-153
-280
-4
-364
4
-161
-485
-228
-135
-200
-336
-1
-300
-116
-107
-401
-226
-44
-56
-180
-11
-122
-398
-170
-414
-243
-299
-230
-156
-350
-386
-316
-62
-382
-16
-498
-174
-282
-202
-107
-150
-160
-76
-309
-232
-179
-348
-366
-142
-320
-251
-317
-80
-459
-81
-233
-459
-188
-454
-293
-482
-310
-353
-440
-69
-133
-149
0
-125
-51
-401
-319
5
-451
-295
-388
-83
-152
-64
-486
-357
-203
-378
-367
-324
-78
-51
-482
-465
-188
-332
-35
-79
-467
-145
-265
-171
-38
-121
-150
-169
-14
-58
-115
-453
-417
-125
-327
-200
-472
-260
-494
-44
-456
-354
-12
-85
-287
-56
-317
-161
-110
-429
-121
-174
-402
-146
-171
-444
-393
-291
-448
-74
-176
-370
-88
-57
-313
-382
-155
-390
-222
-142
-116
-182
-392
-73
-290
-415
-131
-235
-235
-315
-110
-249
-282
-401
-95
-386
-288
-114
-163
-146
-251
-189
-270
-372
-58
-209
-435
-142
-218
-271
-251
-325
-228
-394
-284
-98
-456
-175
-136
-212
-361
-105
-498
-85
-127
-262
-365
-63
4
-300
-341
-66
-480
-274
-129
-170
-357
-285
-434
-238
-410
-225
-303
-162
-138
-340
-263
-382
-428
-100
-74
-152
-82
-77
-227
-118
-409
-35
-75
-345
-75
-244
-341
-431
-11
-171
-24
-313
-152
-417
-391
-71
-64
-379
-399
-157
-107
-104
-314
-334
-258
-16
-262
-346
-493
-155
-103
-346
-481
-341
-266
-456
-126
-280
-105
-470
-470
-282
-338
-143
-81
-196
-42
-480
-254
-458
-56
-488
-126
-413
-97
-412
-414
-275
-244
-8
-118
-316
-195
-80
-394
-235
-63
-77
-444
-149
-304
-192
-417
-254
-80
-290
-409
-413
-359
-8
-469
-367
-466
-477
-27
-10
-349
-440
-246
-150
-287
-370
-331
-364
-487
-359
-230
-354
-451
-491
-300
-395
-287
-308
-65
-411
-127
-321
-164
-469
-425
-176
-25
-177
-295
-174
-444
-321
-250
-192
-339
-296
-112
-299
-74
-202
-246
-49
-167
-413
-161
-454
-39
-216
-328
-276
-392
-245
-28
-86
-499
-41
-115
-330
-364
-304
-489
-23
-388
-334
-37
-103
-468
-334
-211
-387
-467
-51
-363
-304
-241
-494
-348
-323
-434
-374
-135
-145
-324
-476
-347
-425
-487
-272
-380
-407
-287
-261
-1
-245
-440
-229
-274
-38
-205
-73
-15
-175
-73
-151
-81
-445
-205
-366
-166
5
-461
-173
-473
9
-79
-9
-466
-448
-116
-267
-309
-443
-176
-65
-481
-435
-270
-116
-150
-299
-293
-168
-3
-266
-470
-358
-474
-17
-424
-295
-244
-72
-183
-164
-447
-115
-52
-20
-194
-422
-227
-498
-26
-441
-342
-480
-344
-244
-379
-283
-287
-172
-201
-465
-241
-369
-195
-186
-364
-80
-113
-236
-407
-365
-228
-393
-476
-382
-286
-493
-26
-117
-401
-437
-392
-45
-114
-329
-445
-422
-293
-355
-264
-183
-280
-141
-287
-414
-479
7
-298
-174
-357
7
-483
-460
-112
-357
-179
-286
-91
-183
-302
-355
-63
-244
-24
-284
-356
-129
-471
-75
-334
-476
-64
-394
-62
-168
-223
-274
-459
-137
-368
-48
-374
-290
-22
-227
-78
-80
-118
-244
-372
-292
-333
-79
-131
-300
-119
-333
-222
-315
-325
-153
-395
-242
-55
-455
-48
-78
-82
-237
-194
-167
-17
-169
-244
-67
-84
-184
-119
-178
-419
-392
-100
-94
-92
-24
-193
-30
-153
-289
-233
-357
-36
-416
-205
-75
-238
-180
-256
-42
-458
-310
-260
-230
-393
-432
-200
-283
-478
-109
-21
-375
4
-477
-228
-498
-384
-189
-371
-170
-52
-244
-64
-205
-186
-8
-103
-430
-18
-459
-88
-33
-339
-320
-236
-489
-377
-322
-72
-33
-374
-486
-483
-196
-388
-203
-314
-124
-136
-281
-293
-84
-196
-54
-460
-483
-184
-50
-40
-325
-370
-212
-346
-469
-156
-51
-137
-500
-464
-235
-195
-313
-7
-495
-339
-372
-376
-95
-479
-255
-49
-127
-33
-389
-382
-19
-184
-405
-195
-128
-58
-251
-91
-437
-302
-354
-31
-425
-13
-117
-140
-191
-474
-365
-430
-79
-356
-315
-477
-402
-406
-168
-340
-197
-492
-77
-119
-295
-347
-371
-438
-371
-475
-63
-91
-1
-437
-131
-100
-392
-64
-130
-196
-256
-93
-442
-489
-74
-239
-178
-157
-421
-282
-129
-258
-362
-89
-91
-175
-70
-14
-75
-494
-101
-52
-441
-115
-5
-187
-237
-249
-345
-471
-493
-21
-406
-452
-101
-373
-54
-121
-102
-428
-98
-308
-395
-491
-133
-30
-382
-302
-106
-12
-441
-132
-21
-103
-211
-134
-197
-173
-15
-378
-9
-312
-374
-16
-495
-229
-71
-452
-221
-338
-439
-313
-311
-190
-274
-378
-402
-475
-382
-178
-120
-203
-118
-221
-23
-242
-387
-320
-45
-281
-411
-406
-475
-474
-9
-401
-361
-284
-326
-198
-183
-253
-153
-169
-239
-347
-107
-335
-134
-359
-301
-108
-379
-410
-177
-63
-411
-347
-54
-430
-255
-323
-363
-324
-390
-229
-333
-46
-274
-452
-349
-370
-327
-171
-429
-409
-182
-297
-25
-465
-154
-492
-43
-309
-173
-499
-37
-432
-216
-230
-35
-179
-206
-484
-20
-350
-279
-356
-351
-486
-481
-151
-97
-134
-480
-216
-279
-265
-304
-59
-93
-199
-472
-174
-211
-455
-26
-419
-483
-8
-316
-276
-355
7
-397
-90
8
-368
-103
-51
-32
-29
-406
-153
-38
-407
-163
-487
-407
1
-305
-481
-461
-247
-326
-196
-288
-112
4
-134
-92
-315
-381
-8
-230
-25
-46
-420
-66
-432
-180
-107
-498
-227
-313
-36
-249
-407
-87
-352
-39
-156
-496
-14
6
-193
-272
-218
-63
-252
-20
-142
-150
-296
-112
-134
-139
-109
-191
-364
-283
-293
-391
-411
-395
-31
-182
-375
-201
-80
-260
-445
-157
-266
-75
-411
-194
-101
-248
-442
-471
-280
-221
-304
-351
-317
-226
-203
-485
-150
9
-180
-1
-79
-355
-4
-11
-244
-174
8
-4
-122
-169
-277
-285
-373
-111
-53
-320
-52
-327
-278
-215
-181
-87
-168
-28
-348
-74
-415
-89
-261
-3
-204
-327
-242
-73
-205
-71
-361
-86
-219
-319
-143
-142
-142
-361
-88
-454
-332
-95
-289
-185
-159
-21
-80
-124
-148
-93
-214
-154
-136
-362
-364
-490
-342
-10
-365
-382
-154
-199
-89
-350
-394
-194
-493
-18
-60
-55
-130
-419
-176
-1
-25
-376
-167
7
-313
-200
-379
-4
-8
-195
-241
-5
-376
-123
-331
-170
-349
-189
-283
-244
-85
-426
-380
-75
-249
-317
-26
-8
-292
-500
-106
-86
9
-170
-44
-291
-312
-337
-253
-194
-494
-27
-388
-186
-468
-191
-321
-437
-294
-471
-276
-487
-418
-203
-72
-19
-182
-214
-409
-486
-308
-464
-173
-209
-128
-174
-126
-153
-61
-499
-398
-402
-13
-205
-446
-306
-196
-428
-37
-390
-436
-294
-452
-46
-21
-278
-395
-483
-107
-187
-448
-458
-380
-105
-325
-302
-182
-421
-97
-31
-481
-356
-257
9
-62
-254
-158
-353
-155
-394
-384
-117
-395
-233
-7
-18
-62
-12
-55
-462
-18
-380
-248
-370
-36
-277
-70
-321
-317
-102
-126
-396
-123
-450
-368
-112
-476
-52
-217
-253
-456
-444
-116
-339
-56
-406
-120
-407
-495
-140
-47
-475
-343
6
-298
-75
-381
-220
-485
-359
-165
-268
-273
-61
-59
-200
-346
-325
-425
-329
-281
-238
-29
-426
-232
-454
-113
-487
-154
-350
-432
-110
-380
-271
-103
-392
-370
-285
-38
-116
-203
-132
-148
-132
-120
-176
-279
-69
-91
-289
-137
-134
-251
-238
-106
-16
-307
-456
-328
-252
-485
-210
-161
-476
-55
-215
-204
-231
-187
-82
-334
-234
-172
-366
-77
-429
-156
-369
-199
-355
-201
-68
-314
-114
-378
-284
-126
-212
-380
-27
-44
-256
-461
-21
6
-262
-345
-474
-146
-325
-408
-444
-424
-185
-326
-347
-229
-274
-161
-209
-331
-236
-492
-143
-15
-271
-275
-91
-368
-462
-312
-361
-172
-219
-124
-475
-72
-221
-207
-250
-29
-322
-69
-151
-211
-372
-72
-19
-235
-116
-48
7
-157
-118
-2
-466
-135
-56
-233
-206
-181
-390
-384
-6
-93
-272
-309
-238
-159
-468
-95
-233
-130
-247
-448
-231
-212
-386
-355
-8
-233
-151
-443
-419
-63
-442
-151
-22
-9
-64
-213
-396
-494
-497
-441
-460
-134
-341
-450
-57
-205
-383
-64
-306
-160
-424
-133
-270
-361
-17
-127
-45
-423
-433
-11
-224
-463
-378
-404
-75
-238
-464
-415
-206
-84
-151
-343
-131
-428
-173
-91
-17
-23
-376
-498
-144
-297
-460
-406
-91
-211
-165
-409
-290
-90
-112
-29
-388
-402
9
-220
7
-327
-43
-212
2
-64
-494
-232
-107
-343
-1
-13
-345
-265
-360
-347
-446
-407
-187
-428
-11
-152
-291
-381
-481
-375
-151
-29
-498
-27
-446
-158
-322
-264
-110
-169
-481
-355
-382
-174
-492
-142
-13
-268
-395
-420
-318
-249
-162
-31
-177
-19
-497
-90
-70
-419
-46
-286
-361
-298
-54
-212
-500
-27
-307
-214
-190
-302
-194
-463
-385
-57
-14
-86
-245
-144
-195
-42
-104
-86
-415
-310
-4
-191
-139
-492
-425
-20
-153
-22
-406
-51
-428
-38
-344
-475
-454
-82
-119
-150
-234
-265
-299
1
-376
-327
-323
-283
-353
-24
-189
-219
-102
-274
-252
-105
-334
-497
-374
-349
-273
-387
-407
-373
-20
-285
-319
-275
-185
-59
-150
-175
-118
-424
-56
-358
-147
-331
-35
-84
-422
-114
-411
-361
-474
-12
-433
-457
-395
-131
-434
-256
-111
-257
-494
-125
-187
-282
-145
-460
-311
-393
-106
-421
-118
-237
-70
-439
-45
-380
-344
-137
-326
-101
-289
-327
-381
-38
-236
-252
-161
-353
-300
-258
-372
-290
-405
7
-179
-437
-83
-266
-113
-127
-488
-292
-493
-362
-192
-227
-78
-203
-381
-183
-191
-279
-130
-438
-4
-430
-344
-300
-102
-399
-365
-392
-334
-373
-189
-114
-467
-227
-32
-201
-340
-437
-222
-486
-190
-201
-367
-288
-464
-226
-134
-370
-470
-352
-40
-244
-243
-233
-25
-67
-183
-181
-69
-141
-60
-165
-209
-134
-308
-288
-401
-33
-228
-336
-37
-321
-113
-211
-405
-23
-51
-27
-162
-405
-269
-86
-169
-164
-186
-279
-287
-125
-332
6
-385
-141
-399
-262
-434
-282
-224
-352
-448
-248
-229
-166
-35
-492
-478
-347
-287
-363
-295
-126
-2
-45
-42
-420
-269
-36
-326
-382
-323
-195
-143
-197
-383
-434
-486
-394
-187
-58
-479
-240
-469
-337
-463
-117
-196
-311
-226
-217
-52
-111
-97
-477
-122
-403
-335
-500
-268
-169
-266
-360
-404
-389
-475
-207
-313
-402
-297
-170
-495
-353
-419
-324
-265
-37
-237
-119
-208
-90
-299
-50
-51
-422
-158
-154
-307
-55
-300
-197
-354
-268
-254
-347
-193
-56
-148
-168
-96
-79
-80
-178
-306
-161
-484
-255
-490
-464
-298
-259
-415
-358
-268
-35
-14
-50
-349
-209
-4
-19
-435
-72
-443
-397
-171
-202
-295
-124
-135
-41
-495
-120
-167
-18
-179
-499
-204
-45
-239
-494
-332
-163
-475
-177
-114
-303
-219
-255
-205
-468
-425
-115
8
-64
-144
-320
-460
-438
-391
-163
-389
-450
-346
-393
-19
-491
-89
-267
-40
-408
-254
-368
-404
-339
-295
-224
-423
-10
-268
-259
-379
-475
-53
-110
-258
-295
-288
-441
-396
-240
-148
-79
-475
-81
-42
-249
-321
-370
-85
-31
-278
-307
-296
-171
-274
-242
-400
-104
-162
-202
-184
-482
-465
-306
-37
-167
-323
-26
-316
-90
-57
-366
-383
-267
-365
-389
-494
-183
-422
-260
-239
-412
-343
-65
-99
-440
-431
-255
-233
-351
-366
-76
-151
-461
-395
-457
-22
-153
-132
-451
-357
-414
-422
-305
-229
-405
-329
-108
-231
-292
-373
-345
-465
-159
-159
-485
-55
-127
-392
-216
7
-191
-114
-24
-89
-398
-489
-79
-266
-196
-72
-167
-23
-442
-366
-101
-48
-465
-201
-129
-322
-479
-101
-458
-277
-443
-155
-7
-281
-155
-185
-10
-268
-374
-436
-58
-198
-413
-110
-490
-83
-61
8
-208
-425
-111
-331
-68
-26
-64
-488
-80
-466
-103
-86
-165
-6
-211
-140
-421
-146
-71
-499
-104
-120
-340
-410
-250
-86
-46
-491
-5
-40
-332
-441
-38
-135
-487
-207
-223
-341
-10
-140
-413
-313
-151
-464
-82
-125
-68
-165
-396
-454
-399
-131
-384
-343
-159
-275
-493
-471
-249
-340
-453
-85
-85
-487
-90
-244
-366
-424
-478
-488
-249
-385
-299
-499
-346
-107
-362
-304
-201
-26
-265
-229
1
-47
-438
-108
-56
-269
-283
-365
-175
-470
-221
-157
-355
-303
-309
-180
-383
-407
-401
-482
-43
-364
-60
-143
-383
-208
-340
-424
-458
-458
-340
-433
-448
-338
-194
-152
-382
-38
-417
-371
-364
-349
-406
-180
-244
-334
-193
-407
-163
-355
-25
-6
-378
-27
-69
-371
-418
-30
-227
-261
-331
-233
-277
-237
-175
-327
-262
-259
-330
-132
-426
-164
-98
-89
-37
-411
-88
-102
-392
-267
-363
-396
-301
-152
-393
-456
-156
-16
-224
-187
-390
-107
-265
-181
-11
-244
-243
-211
-330
-446
-98
-188
-64
-383
-248
-480
-236
-433
-208
-193
-476
-128
-57
-341
-344
-409
-31
-255
-53
-177
-381
-239
-500
-29
-194
-230
-398
-32
-195
-463
-284
-379
-65
-416
-331
-457
-115
-10
-228
-311
-212
-222
-176
-340
-489
-200
-347
-391
-320
-163
-312
-340
-476
-288
-164
-100
-174
-109
-201
-475
-459
-304
-35
-400
-451
-458
-268
-166
-285
-55
-72
-383
-390
-492
-352
-169
-311
-83
-362
-142
-452
-472
-335
-183
-443
-89
-62
-124
-464
-420
-301
-23
-86
-448
-45
-244
2
-113
-133
-435
-27
-209
-43
-389
-194
-377
-451
-452
-462
-317
0
-421
-276
-268
-425
-91
-183
-39
-156
-396
-234
-6
-274
-31
-496
-47
-361
-259
-364
-55
-197
-426
-418
-224
-482
-52
-426
-132
-384
-116
-191
-217
-260
-121
-448
-172
-461
-157
-74
-229
-309
-221
-39
-141
-190
-412
-387
-431
-441
-123
-192
-22
-325
-448
-457
-288
-173
-388
-75
-132
-142
-67
-45
-423
-475
-233
-6
-136
-218
-259
-6
-64
-161
-319
-2
-351
-198
-417
-123
-165
-174
6
-237
-436
-327
-200
-226
-180
-166
-125
-80
-387
-205
-314
-118
-119
-86
-196
-7
-89
-61
-188
-7
-91
-66
-56
-320
-99
-375
-154
-10
-23
-4
-6
-310
-327
-482
-427
-238
-444
-229
-74
-500
-33
-116
-429
-165
-32
-233
-406
-400
-479
-218
-464
-201
-60
-493
-156
-397
-447
-418
-42
-159
-440
-334
-90
-316
-10
-214
-170
-300
-283
-377
-254
5
-444
-19
-263
-292
-267
-138
-159
-117
-499
-176
-321
-37
-33
-495
-487
-402
-338
-240
-441
-170
-37
-318
-473
-382
-393
-252
-274
-398
-161
-465
-279
-106
-271
-444
-331
-301
0
-463
-38
-75
-398
-486
-36
-29
-259
-119
-116
-242
-435
-218
-325
-443
-466
-362
-287
-12
-234
-416
-21
-123
-177
-209
-436
-188
-126
-291
-221
-286
-124
-34
-266
-448
-175
-410
-299
-248
-266
-390
-4
-145
-28
-303
-30
-157
-66
-454
-68
-377
-74
-347
-90
-68
-429
-351
-299
-31
-372
-137
-455
5
-43
-163
-331
-483
-27
-408
-270
-17
-36
-119
-362
-373
-364
-436
-309
-492
-495
-231
-254
-280
-250
-402
-17
-176
-176
-429
-219
-79
-377
-439
-13
8
-78
-391
-325
-395
-128
-213
-453
-447
-487
-151
-165
-223
-500
-295
-445
-136
-304
-411
-45
-404
-388
-193
-252
-185
-101
-455
-186
-385
-325
-86
-168
-376
-231
-34
-467
-34
-415
-66
-315
-26
-119
-467
-274
-191
-18
-310
-468
-493
-476
-225
-360
-217
-119
-486
-411
-217
-186
-46
-455
-296
-78
-66
-196
-62
-396
-350
-141
-471
-36
-248
-49
-416
-222
-184
-436
-158
-445
-341
-237
-9
-162
-86
-77
-487
-434
-88
-220
-97
-416
-316
-174
-351
-6
-499
-254
-447
2
-244
-46
-395
-408
-332
-334
-284
-330
-6
-40
-452
-184
-246
-460
-185
-374
1
-335
6
-390
-197
-197
-406
-51
-386
-418
-19
-168
-19
-185
-46
-170
-40
-246
-364
-312
-375
-242
3
-388
-455
-293
-302
-396
-136
-111
-461
-359
-457
-164
-105
-358
-488
-77
-66
-181
-343
-15
-291
-99
-51
-296
5
-24
-394
-66
-281
-418
-159
-218
-455
-118
-218
-172
-348
-153
-158
-259
-189
-13
-47
-111
-158
-318
-77
-18
-445
-188
-8
-212
-467
-264
-104
-322
3
-43
-488
-324
-77
-39
5
-57
-297
-55
-443
-351
-331
-143
-21
-313
-447
-358
-363
-248
-44
-216
-115
-381
-99
-217
-115
-348
-111
-327
-498
-369
-157
-437
-269
-383
-250
-325
-74
-457
-127
-357
-137
-116
-166
-38
-75
-255
-440
-196
-356
-186
-78
-123
-447
-355
-52
-198
-251
-194
-199
-351
-470
-353
-382
-202
-111
-92
-210
-177
-117
-363
-222
-278
-89
-52
-245
-69
-391
-429
-167
-235
-201
-258
-143
-19
-413
-53
-63
-69
-64
-68
-442
-94
-455
-417
-438
-410
-71
-326
-264
-10
-369
-168
-347
-51
-327
-443
-222
-305
-73
-372
-400
-124
-62
-8
-47
-352
-457
-174
-476
-103
-228
-279
-92
-2
-336
-58
-426
-392
-119
-199
-376
-97
-370
-293
-261
-379
-18
-399
-184
-233
-454
-450
-202
-381
-181
-348
-352
-103
-340
-102
-7
-269
-329
-489
-123
-444
-25
1
-68
-386
-420
-198
-397
-291
-83
-377
-350
-90
-457
-94
-214
-89
-362
-446
-452
-107
-11
-395
-280
-91
1
-225
-67
-340
-317
-418
-17
-346
-220
-136
-368
-181
-319
-432
-161
-26
7
-75
-301
-323
-306
-43
-74
-406
-444
-344
-321
-37
-273
-295
-369
-36
-138
-55
-320
-173
-55
-345
-123
-57
-421
-429
-136
-437
-31
-140
-329
-210
-71
-316
-196
-455
-143
-83
-173
-160
-478
-424
-18
-255
-226
-399
-453
-112
-403
-381
-222
-234
-407
-113
-212
-370
-306
-421
-158
-427
-194
-481
-264
-254
-46
-311
-12
-74
4
-171
-243
-417
-271
-141
-236
-483
-273
-122
-335
-33
-256
-471
-94
-275
-298
-345
-400
-381
-371
-418
-478
-160
-109
-225
-389
-223
-152
-473
-433
-252
-412
-234
-3
-453
-395
-327
-229
-28
-134
-452
-337
-136
-445
-59
-278
-146
-332
-464
-446
-337
-101
-192
-89
-132
-141
-160
-152
-296
-235
-7
-398
-169
-31
-255
-326
-484
-354
-373
-23
-443
-137
-27
-267
-488
-305
-169
-50
-194
-204
-36
-233
-61
-491
-78
-90
-435
-485
-246
-230
-203
-77
-63
-308
-189
-110
-471
-485
-317
-194
-45
-465
-296
8
-41
-25
-373
-121
-309
-239
-296
-170
-439
-188
-396
-279
-288
-269
6
-357
-329
-91
-91
-32
-446
-5
-73
-487
-432
-500
-376
-405
-97
-220
-223
-177
-190
-166
-352
-382
-235
-274
-1
-219
-50
-56
-126
-392
-319
-319
-139
-298
-498
-298
-62
-314
-20
-195
2
-309
-315
-48
-106
-105
-361
-309
-422
-212
-290
-19
-11
-214
-457
-240
-436
-258
-459
-119
-181
-447
-468
-134
-338
-161
-165
-147
-244
-27
-310
-410
-432
-467
-111
-50
-3
-135
-435
-137
-65
-500
-334
-196
-461
-131
-439
-424
-437
-2
-279
-146
-271
-208
-369
-261
-86
-214
-413
-222
-393
-426
-101
-394
-392
-21
-91
-491
-344
-81
-370
-325
-271
-272
-252
-89
-115
-119
3
-88
-199
-324
-249
-23
-308
-195
-60
-101
-402
-477
-402
-70
-478
-110
-254
-56
-92
-146
-387
-301
-256
-140
-139
1
-103
-207
-210
-254
-426
-426
-90
-80
-61
-153
-461
-163
-129
-293
-498
-422
-386
-360
-37
-2
-333
-122
-386
-227
-22
-270
-478
-226
-317
-423
-182
-349
-382
-202
-415
-278
-166
-457
-155
-410
-174
-228
-363
-121
-266
-201
-306
-421
-59
-83
-104
-10
-343
-198
-250
-128
-435
-176
-294
-270
-326
-393
-177
-227
-81
-117
-27
-275
-496
-374
-434
-119
-480
-274
-256
-201
-63
-233
-264
-74
-421
-366
-435
-500
-403
-51
-277
-196
-318
-168
-23
-462
-136
-53
-459
-69
-333
-389
-252
-291
-128
-248
-112
-88
-373
-96
-10
-472
0
-139
-235
-268
-365
-68
-471
-321
-357
-461
-129
-154
-495
-340
-67
-64
-112
-102
-243
-253
-405
-91
-377
-415
-422
-350
-441
-363
-142
-400
-94
-120
-447
-431
-299
-205
-63
-274
-33
-420
-448
-74
-131
-479
-323
-267
-431
-179
-330
-217
-443
-458
-182
-353
-140
-99
-168
-37
-141
-296
-406
-470
-350
-409
-160
-372
-155
-333
-315
-167
-98
-209
-432
-194
-338
-128
-225
-446
-110
-54
-57
-240
-179
-413
-96
5
-413
-263
-131
-128
-164
-401
-159
-372
-40
-128
-316
-452
-358
-434
-342
-247
-169
-245
-113
-136
-10
-332
-210
-270
-67
-472
-269
-56
-139
-85
-32
3
-489
-313
-291
-389
-86
-130
-174
-282
-229
-364
-442
-395
-378
-340
-360
-351
-397
-48
-65
-451
-389
-157
7
-42
-206
-251
3
-424
-233
-318
-8
-96
-466
-276
-269
-192
-182
-188
-71
-85
-231
-438
-356
-263
-253
-446
-234
-115
-233
-385
-464
-393
-404
-328
-262
-226
-74
-23
-167
-220
-31
-60
-39
-290
-220
-162
-127
-338
-396
-310
-302
-247
-157
-241
-152
-364
-435
-43
-61
-56
-268
-73
-129
-428
-286
-102
-373
-371
-452
-308
-422
-321
-88
-203
-108
-343
-353
-236
-47
-378
-140
-450
-409
-42
-47
-435
-284
-317
-260
-308
-324
-343
-216
-350
-476
-150
-442
9
-400
-452
-274
-303
-47
-465
-497
-260
-364
-118
-99
-395
-116
-82
-353
-124
-171
-294
-29
-492
-353
-402
-237
-115
-387
-278
-393
-222
-323
-459
-254
-111
-398
-341
-306
-161
-474
-313
-123
-499
-79
-17
-266
-282
-181
-433
-13
-325
-74
-221
-445
-233
-246
-198
-483
-316
-375
-46
-129
-341
-423
-395
-405
-241
-28
-231
-338
-499
-154
-138
-207
-376
-162
-388
-117
-500
-492
-361
-108
-161
-173
-289
-355
-463
-13
-95
-143
-176
-106
-355
-149
-311
-269
-463
-115
-285
-80
-110
-351
-500
-231
-222
-104
-296
-97
-14
-58
-313
-12
-443
-168
-102
-98
-250
-34
-473
-270
-45
-86
-163
-399
-391
-440
-360
-399
-338
-452
-266
-293
-442
-130
-74
-306
-363
-332
-193
-500
-316
-85
-53
-23
-187
-406
-288
-125
-396
-146
-178
-205
-477
-186
-242
-300
-136
-11
-129
-2
-126
-282
-256
-248
-396
-190
-373
-101
1
-452
-80
-182
-336
-391
-329
-463
-135
-115
-413
-461
-50
-460
-386
-246
-147
-37
-112
-41
-492
-259
-413
-36
-177
-228
-120
-36
-100
-489
-335
-146
-87
-405
-173
-361
-450
-312
-301
-459
-237
-443
-61
-450
-481
-100
-439
-365
-164
-77
-296
-91
-364
-47
-473
-476
-22
-328
-377
-191
-119
-43
-123
-78
-171
-74
-477
-483
-360
-289
-422
-9
-274
-387
-493
-240
-432
-58
-409
-64
-399
-167
-246
-250
-153
-105
-20
-218
-387
-125
-225
-79
-84
-275
-127
-450
-195
-342
-377
-327
-461
-462
-34
-234
-281
6
-413
-87
-293
-491
-407
-8
-123
-101
-387
-298
-91
-288
-295
-302
-16
-67
-6
-109
-233
-364
-420
-141
-76
-43
-291
-49
-289
-410
-317
-99
-180
-247
-499
-484
-484
-116
-451
-429
-36
-87
-49
-322
-487
-200
-222
-368
-413
-468
-248
-404
-256
-218
-84
-461
-91
-86
-98
-97
-275
-281
-220
-352
-23
-287
1
-260
-247
-446
-149
-8
-145
-339
-9
-310
-241
-454
-333
-27
-93
-14
-36
-27
-20
-15
-455
-450
-224
-418
-142
-50
-109
-386
-299
-201
-461
-91
-153
-108
-495
-152
-296
-100
-52
-185
-321
-476
-365
-13
-374
-376
-488
-361
-386
-53
-226
-398
-201
-472
-300
-107
-378
-75
-20
-36
-385
-344
-61
-236
-151
-328
-294
-359
-475
-178
-399
-343
-210
-33
-91
-224
-108
-12
-133
-227
-165
-412
-249
-441
-172
-352
-494
-374
-175
-453
-234
-398
-481
-439
-135
-367
-228
-256
-426
-436
-118
-74
-253
-189
-289
-448
-479
-38
-441
-294
-309
-484
-113
-498
-90
-293
-345
-302
-486
-472
-179
-485
-499
-287
-380
-399
-184
-166
-166
-1
-94
-250
-326
-409
-389
-257
-412
-342
-248
-373
-363
-350
-193
0
4
-235
-133
-249
-440
-449
-99
-253
-93
-324
-353
-436
-413
-16
-382
-425
-118
-132
-406
-283
-50
-63
-493
-163
-456
-330
-383
-104
-12
-41
-316
-3
-210
-304
-8
-335
-499
-288
-446
-227
-348
-333
-30
-295
-494
-258
-436
-458
-405
-253
-368
-57
-153
-386
-451
-208
-136
-372
-317
-429
-496
-261
-267
-345
-117
-373
-391
-137
-263
-178
-229
-19
-324
-453
-226
-457
-204
-153
-12
-131
-483
-273
-413
-476
-418
-21
-382
-299
-357
-450
-423
-377
-348
-386
-86
-44
-319
-476
-210
-468
-469
-486
-328
-261
-471
-352
-283
-390
-227
-195
-332
-126
-352
-158
-381
-162
-470
-279
-218
-107
-156
-65
-397
-159
-377
-115
-495
-115
-25
-154
-236
-358
-11
7
-202
-135
-178
-258
-496
-138
-409
-254
-296
-400
-114
-223
-236
-102
-17
-431
-18
-398
-244
-498
-496
-418
-6
-437
-300
-244
-115
-401
-253
-423
-430
-339
-122
-326
-107
-75
-145
-24
-242
-409
-187
-256
-146
-44
-363
5
-460
-333
-273
-158
-53
-78
-291
-206
-29
-465
3
-495
-140
-366
-22
-5
-204
-350
-125
-208
-321
-28
-230
-49
-48
-297
-71
-381
-183
-144
-342
-34
-436
-77
-477
-291
-114
-378
-361
-416
-296
-336
-142
-176
-306
-113
-94
-223
-118
-278
-253
-427
-351
-451
-297
-355
-199
-480
-198
-341
-404
-472
-280
7
-264
-325
-89
-87
-252
2
-492
-210
-149
-453
-499
-141
-315
-17
-36
-497
-59
-464
-98
-149
-3
-420
-179
-107
-180
-386
-315
5
-293
-252
-292
-487
-132
-487
-237
-163
-172
-437
-344
-322
-30
-23
-180
-409
-178
-389
-491
6
-126
-377
-60
-357
-139
-18
-401
-365
-291
-476
-321
-148
-262
-288
-82
-179
-325
-448
-3
-47
-197
-341
-425
-67
-186
-425
-98
-295
-243
-50
-254
-308
-133
-205
-249
-479
-63
-103
-128
-307
-33
-373
-334
-36
-76
-236
-84
-195
-205
-325
-243
-335
-105
-227
-354
-392
-202
-358
-242
-191
-396
-196
-19
-354
-430
-283
-17
-269
-256
-222
-53
-460
-38
-365
-151
-435
-452
-130
-290
-128
-9
-114
-456
-64
-61
-233
-318
-483
-114
-23
-313
-389
-436
-343
-333
-337
-8
-182
-197
-234
-149
-323
-208
-342
-209
-248
-482
-216
-361
-277
-423
-276
-109
-64
-312
-31
-445
-252
-117
-282
-87
-283
-4
-45
-93
-343
-318
-93
-416
-286
-248
-233
-415
-183
-224
-242
-423
-47
-366
-458
-274
-306
-237
-171
-496
-94
5
-185
-291
-328
-195
-186
-203
-22
-473
-435
-170
-226
-27
-128
-375
-72
-226
-205
-396
-338
-450
-130
-334
-228
-154
-351
-270
-385
-189
-245
-295
-11
-65
6
-451
-279
-132
-372
-458
-197
-12
-203
-117
-232
-21
-137
-294
6
-62
-447
-350
-386
-253
-436
-453
-497
-393
-360
-120
-377
-436
-447
-392
-132
-433
-70
-14
-268
-437
-295
-276
-109
-325
-193
1
-72
-477
-448
-386
-55
-478
-466
-264
-184
-13
-181
-113
-172
-46
-195
-7
-467
-142
-395
-140
-426
-257
-177
-414
-412
-322
-10
-149
-277
-467
-271
-428
-45
-238
-80
-319
-256
-435
-127
-106
-147
-2
-466
-103
-332
-156
-480
-391
-491
-259
-5
-336
-7
-476
-111
-402
-205
-397
-237
-104
-302
-79
-103
-485
-251
-115
-495
-77
-383
-11
-407
-358
-375
-103
-194
-70
-3
-238
-228
-83
-346
-439
-104
-16
-212
-13
-418
-119
-57
-138
-404
-478
-256
-382
-128
-34
-457
-261
-352
-355
-150
-263
-473
2
-326
-311
-43
-207
-65
-102
-204
-337
-407
-155
-398
-27
-459
-143
-427
-12
-453
-163
-355
-179
-246
-69
-163
-212
-486
-328
-205
-74
-164
-102
-253
-331
-216
-466
-187
-467
-112
6
-427
-271
-351
-30
-429
-382
-51
-65
-49
-307
-68
-76
-231
-445
-255
-131
-259
-237
-315
-252
-8
-25
-28
-16
-250
-12
-267
-441
-194
-79
-71
-212
-295
-247
-207
-185
-161
-152
-354
-67
-21
-253
-439
-409
-492
-448
-436
-410
-464
-1
-61
-321
-238
-298
-359
-471
-340
-241
-235
-390
-60
-227
-176
-84
-361
-304
-476
-186
-300
-113
-142
-1
-268
-310
-386
-407
-402
-120
-469
-221
-61
-108
-478
-495
-87
-390
-350
-442
-227
-274
-100
-397
-387
-237
-480
-259
-382
-16
-483
-50
-202
-173
-368
-301
-171
-59
-316
-335
-15
-183
-53
-412
-120
-138
-451
-493
-348
-152
-326
-30
-354
-26
-486
-103
-57
-132
-67
-478
-491
-233
-194
-197
-16
-436
-468
-378
1
-152
-295
-119
-290
-227
-296
-349
-107
-428
-458
-379
-219
-196
-361
-180
-194
-472
-178
-465
-109
-113
-213
-190
-274
-475
-303
-208
-216
-499
-278
-49
-249
-411
-364
-458
-197
-257
-100
-500
-66
-481
-292
-246
-97
-116
-347
-349
-456
-131
-475
-58
-8
-358
-451
-304
-479
-384
-59
-25
-251
-74
-490
-315
-44
-57
-500
-397
-208
-223
-222
-68
-296
-492
-114
-181
-115
-53
-350
-377
-172
-50
-19
-367
-185
-481
-449
-446
-49
-58
-251
-155
-425
-121
-83
-429
-74
-296
-197
-424
-381
-171
-405
-447
-360
-19
-379
-255
-54
-279
-467
-60
-158
-90
-319
-411
-406
-238
-113
-26
-462
-117
-91
-85
-407
-340
-382
-469
-480
-13
-314
-456
-444
-114
-220
-61
-82
-294
-217
-444
-358
-124
-202
-275
-458
-151
-21
-24
-475
-80
-100
-283
-326
-300
-375
-196
-381
-440
-204
-334
-45
-388
-190
-8
-190
-411
-48
-77
-152
-485
-379
-129
-348
-168
-257
-398
-341
-80
-454
-429
-213
-86
-284
-431
-59
-234
-426
-35
-427
-123
-270
-154
-11
-11
-187
-414
-184
-488
-314
1
-172
-82
-106
-289
-440
-113
-157
-181
-70
-203
9
-197
-476
-336
-490
-348
-379
-1
-170
-496
-398
-457
-302
-80
-493
-282
-123
-368
-345
-205
-150
-313
1
-173
-230
-231
-76
-389
-23
-373
-265
-261
-287
-425
-417
-15
-363
-5
-427
-472
-427
-493
-490
-107
-236
-181
-266
-212
-479
-307
-218
-21
-392
-318
-236
-408
-377
-311
-315
9
-71
-155
-148
-264
-152
-269
-52
-477
-78
-35
-267
-451
-289
-349
-154
-489
-380
-100
-437
-494
-491
-16
-381
-106
-15
-84
-481
-241
7
-31
-181
-81
-239
-471
-348
-185
-368
-315
-24
-384
-428
-102
-189
-300
-135
-374
8
-34
-374
-23
-412
-21
-372
-391
-206
-404
-17
-83
-322
-190
-298
-219
-268
-95
-418
-22
-257
-414
-259
-274
-257
-413
-389
-113
-244
-92
-195
-276
-81
-46
-12
7
-133
-305
-17
-239
-375
-494
-460
-97
-422
-253
-470
-272
-18
-452
-451
-435
-178
-487
-216
-370
-468
-134
-66
-229
-384
-413
-38
-497
-276
-251
-272
-58
-373
-401
-239
-393
-338
-58
-405
6
-77
-151
-111
-35
9
-298
-488
-412
-56
-121
-292
-332
-216
-336
-361
-127
-494
-488
-319
-251
-470
-125
-145
-372
-117
-366
-160
-177
-59
-9
-310
-291
-364
-140
-114
-37
-66
-348
-105
-160
-369
-197
-182
-453
-261
-43
-33
-437
-426
-425
-195
-458
-51
-9
-211
-445
-192
-181
-443
-151
-257
-208
-381
-209
-36
-111
-47
-331
-166
-53
-85
-352
-106
-350
-61
-273
-148
-84
-430
-22
-436
-430
-140
-69
-326
-24
-147
-266
-223
-368
-25
-69
-281
-124
-206
-347
-239
-23
-241
-62
-439
-192
-333
-116
-276
-389
-149
-313
-344
-446
-325
-407
-163
-500
-393
-415
-374
-304
-410
-191
-32
-346
-241
-277
-342
-53
-457
-462
-135
-135
-114
-225
-113
-147
-61
-366
-247
-57
-62
-137
-342
-208
-421
-129
-324
-495
-467
-16
-79
-485
-176
-112
-313
-168
-4
-308
-144
-224
-252
-78
-269
-405
-177
-31
-93
-157
-359
-450
-430
-382
-366
6
-492
-232
-328
-220
-58
-119
-446
-185
-90
-353
-326
-385
-222
-483
-283
-376
-327
-379
-12
-77
-398
-351
-141
-404
-351
-354
-403
-215
-443
-469
-80
-453
-65
-49
-420
-140
-300
-283
-84
-427
-98
-318
-385
-48
-164
-394
-102
-83
-31
-53
-32
-156
-84
-283
-72
8
-134
-324
-111
-219
-47
-61
-95
-121
-235
-378
-93
-298
-288
-18
-77
-140
-295
-42
-257
-164
-308
-434
-389
-224
-315
-46
-406
-336
-345
-62
-113
-422
-63
-357
-190
-217
-80
-324
-404
-96
-278
-264
-47
-237
-282
-482
-381
-416
-58
-49
-114
-7
-102
-68
-315
-458
-393
-380
-121
-499
-390
-318
-201
-485
-52
-145
-110
-348
-115
-332
-173
-79
-127
-31
-388
-259
-448
-374
-394
-62
-283
-191
-280
-374
-316
-380
-91
-293
-265
-449
-260
-71
-276
-389
-118
-349
-191
-453
-403
-305
-468
-330
-468
-27
-409
-222
-395
-376
-27
-185
-281
-450
-283
-270
-312
-170
-398
-307
-299
-366
-59
-240
-176
-309
-30
-25
-7
-252
-60
-409
-485
-124
-485
-65
-87
-444
-293
-404
-489
-8
-289
-183
-234
-106
-363
-89
-413
-54
-140
-389
-308
-392
-327
-96
-71
-33
-134
-43
-409
-427
-96
-443
-220
-164
-46
-215
-290
-356
-463
-267
-311
-125
-61
-73
-364
-346
-322
-497
-207
-284
-23
-234
-409
-313
-9
-180
-485
-291
-100
-241
-478
-1
-290
-499
-35
-493
-10
-425
-260
-491
-383
-298
-124
-249
-199
-246
-252
-433
-408
-367
-475
-446
-277
-403
8
-340
-63
-168
-467
-476
-273
-176
-494
-393
-342
-332
-416
-297
-99
-350
-159
-79
-311
-487
-162
-291
-311
-240
-276
-490
-404
-77
-166
-36
-226
-232
-235
-366
-22
-465
-407
-387
-241
-291
-338
-425
-493
-368
-184
9
-279
-310
-1
-249
-301
-69
-402
-200
-277
-433
-474
-264
-20
-259
-201
-259
-376
-148
-445
-159
-405
-498
-357
-488
-452
-480
-336
-487
-253
-353
-309
-430
-266
-119
-191
-408
-129
-146
-406
-98
-210
-11
-425
-315
-481
-440
-461
-3
-224
-476
-414
-139
-435
-211
-456
-297
-163
-356
-327
-353
-262
-339
-123
-92
-476
-355
-43
-74
-419
-40
-346
-226
-142
-113
-388
-22
-285
-8
-280
-271
-2
-243
-192
-481
-127
-105
-178
-361
-143
-277
-224
-472
-433
-280
-437
-257
-57
-417
-346
-179
-77
-350
7
-409
-289
-321
-24
-356
-453
-105
-50
-487
-249
-230
-83
-261
-92
-406
-91
-13
-162
-18
-59
-115
-426
-6
-180
-301
-169
-293
-488
-333
-133
-153
-210
-100
-248
-96
-195
-453
-282
-321
-258
-198
-487
-233
-348
-115
-334
-272
-62
-71
-237
-125
-385
-120
-403
-472
-330
-236
-252
-379
-140
-404
-392
-54
-409
-135
-108
-454
-181
-434
-350
-131
-262
-166
-188
-232
-474
-239
-318
-389
-305
-102
-248
-14
-157
-351
-201
-256
-438
-304
-223
-322
-264
-369
-417
-239
-488
-388
-152
-343
-489
-238
-491
-358
-44
-304
-500
-120
-404
-97
-299
-4
-419
-343
-298
-404
-106
-371
-6
-317
-124
-297
-347
-64
-181
-364
-491
-250
-36
-412
-300
-402
-68
-229
-227
-311
-12
-320
-289
-90
-423
-98
-298
-78
-126
-52
-383
-163
-328
-495
-23
-352
-359
-85
-55
-290
-88
-284
-306
-110
-417
-40
-93
-260
-169
9
-138
-174
-195
-118
-278
-173
-297
-497
-294
-62
-230
-352
-134
-250
-250
3
-410
-138
-213
-2
-149
-269
-301
-31
-491
-194
-9
-375
-365
-291
-114
-51
-60
-111
-110
-382
-393
-230
-89
4
-162
-498
-78
-141
-204
-238
-181
-45
-261
-496
-429
-316
-185
-259
-452
-213
-110
-380
-26
-190
-100
-336
-225
-151
-194
-286
-214
-46
-153
-479
-5
-342
-53
-110
-327
-103
-333
-122
-493
-192
-68
-307
-239
-485
-472
-319
-321
2
-286
-155
-407
-440
-205
-260
-310
-324
-144
-198
-259
-73
-58
-364
-405
-211
-332
-57
-464
-183
-99
-168
-259
-239
-468
-387
-462
-93
-138
-51
-202
-388
-406
-167
-276
3
-421
-310
-481
-494
-144
-437
-376
-159
-403
-198
-154
-72
-386
-466
-405
-313
-199
-356
-488
-146
-169
-286
-355
-304
-272
-383
-282
-324
-482
-165
-27
-11
-318
-384
-425
-340
-187
-329
-287
-70
-337
-371
-240
-298
-466
-358
-223
-371
-341
-15
-433
-98
-92
-143
-342
-251
-223
-459
-247
-70
-40
-125
-477
-73
-36
-298
-34
-61
-181
-241
-466
-443
-441
-212
-309
-294
-383
-470
-226
-314
-303
-198
-144
-354
-409
-369
-321
-63
-379
-418
-351
-291
-390
-390
-467
-7
-235
-81
-199
-394
0
-80
-467
-314
-477
-377
-406
-497
-443
-460
-35
-406
-85
-479
-131
-121
-368
-209
-268
-98
-480
-127
-495
-49
-166
-70
-1
-143
-400
-497
-329
-68
-392
-21
-311
-486
-426
-148
-437
-194
-403
-107
-315
-450
-289
-109
-235
-417
-72
-248
-487
-442
-386
-294
-320
-259
-28
-156
-268
-175
-177
-378
-87
-337
-329
-166
-480
-7
-248
-21
-13
-90
-305
4
-430
6
-232
-233
-83
-399
-263
-169
-209
-114
-487
-262
-196
-7
-287
-91
-417
-38
-188
-152
-329
-109
-147
-239
-207
-479
-113
-319
-37
-361
-289
-63
-249
-433
-158
-150
-252
-486
-289
-458
-88
-273
-453
9
-461
-267
-427
-20
-64
-82
-35
-351
4
-33
-346
-244
-125
-21
-431
-327
-186
-228
-449
-415
-381
-161
-312
-264
-465
-491
-159
-346
-31
-421
-479
-451
-383
-482
-168
-487
-151
-222
-281
-81
-259
-497
-407
-362
-112
-257
-377
-183
-102
-427
-382
-20
-143
-315
-251
-252
-448
-198
-118
-352
-469
-463
-101
-271
-290
-81
-369
-283
-123
-256
-389
-336
-43
-353
-366
-483
-451
-164
-420
-424
-341
-290
-461
-144
-62
-327
-136
-248
-487
-149
-394
-341
-123
-30
-50
-11
-166
-409
-482
-64
-215
-483
-32
-67
-257
-75
-93
-377
-35
-196
-250
-196
-290
-316
-465
-472
-377
-185
-295
-177
-500
-50
-458
-478
-206
-199
-258
-366
-307
-443
-184
-162
-480
-380
-347
-122
0
-227
-322
-169
-116
-407
-67
-77
9
-400
-8
-472
-380
-308
-378
-66
-498
-134
-260
-146
-441
-430
-46
-364
6
-266
-196
-426
-57
-18
-133
-5
-248
-279
-426
-433
-89
-494
-494
-12
-466
-276
-430
-133
-386
-326
-157
-409
-135
-99
-415
-361
-104
-11
-350
-216
-193
-329
-367
-129
-369
-428
-125
-366
-211
-100
-225
-210
-359
-213
-54
-209
-72
-177
-401
-172
-160
-282
-275
-285
-140
-68
-43
-363
-55
-333
-228
-291
-437
-358
-468
-209
-369
-186
-119
-351
-416
-225
-380
-151
-419
-324
-191
-236
-337
-219
-377
-78
-183
-356
-489
-442
-284
-446
-354
-436
-392
-415
-333
-164
-32
-243
-453
-149
-492
-333
-22
-448
-315
-5
-83
-348
-395
-34
-396
-35
-160
-290
-201
-9
-496
-13
-266
-418
-190
-375
-169
-47
-221
-326
-59
-209
-474
-215
-239
-195
-451
-109
-288
-460
-444
-427
-144
-134
-48
-55
-220
-113
-269
-338
-385
-191
-32
-53
-476
9
-229
-255
-227
-351
-267
-148
-426
-58
-312
-138
1
-105
-220
-129
-359
-479
-189
-466
-271
-387
-157
-465
-270
-294
-199
-215
-170
-125
-447
-236
-369
-110
-360
-49
-401
-49
-337
-124
-3
-330
-412
-456
-329
-232
-47
-8
-126
-311
-86
-96
-410
-273
-216
-262
-232
-391
-186
-325
-161
-3
-189
-151
-395
-468
-11
-202
-215
-150
-145
-102
-315
-154
-370
-326
-355
-171
-172
-421
-409
-6
-407
-248
-460
-115
-493
-33
-136
-42
-265
3
-210
-174
-393
-251
-15
-248
-184
-13
-210
-11
-83
-292
-191
-456
-182
-449
-417
-31
-30
-65
-273
-265
-204
-26
-469
-79
-246
-272
0
-167
-82
-95
-491
-481
-113
-231
-49
-295
-446
-48
-244
-112
-74
-344
-453
-462
-258
-394
-326
-413
-173
-396
-388
-348
-466
-302
-149
-325
-418
-364
-255
-382
-297
-185
-119
-139
-335
-398
8
-195
-402
-84
-15
-308
-300
-240
-417
-187
-182
-126
-258
-42
-358
-109
-24
-293
-255
-19
-443
-354
-325
-59
-454
-348
-104
-295
-338
-149
-473
-238
-370
-27
-495
-182
-100
-483
-340
-483
-305
-148
-333
-288
-381
-403
-110
-324
-176
-441
-227
-115
-128
-471
-26
-77
-188
-479
-423
-199
-180
-51
-95
-40
-385
-439
-145
-454
-125
-387
-259
-385
-336
-405
-419
-256
-235
-99
-489
-112
-332
-235
6
-199
-284
-60
-109
7
-318
-299
-83
-29
-313
-139
-106
-461
-99
-322
-306
-147
-222
-98
-484
-226
-273
-421
-83
-400
-205
-199
-213
-487
-405
-292
-10
-476
-444
-37
-339
-234
-131
-133
-18
-357
-399
-209
-333
-250
-419
-256
-213
-462
-286
-166
-382
-13
-96
-73
-414
-354
-303
-8
-356
-169
-411
-149
-109
-15
-320
-127
-141
-324
-220
-191
-309
-430
-250
-304
-32
-27
-219
-4
-89
-209
-367
-274
-81
-287
-69
-486
-119
-78
-404
-487
-199
-157
-349
-376
-222
-135
-148
-6
-89
-186
-430
-171
-284
-185
-3
-195
-403
-336
-28
-93
-254
-47
-431
-171
-67
-306
-51
-306
-49
-224
-225
-417
-22
-270
-227
-65
-151
-58
-281
-481
-194
-200
-385
-273
-121
-193
-104
-319
-448
-403
-429
6
-360
-60
-495
-122
-379
-419
-399
-289
-381
-322
-396
-487
-376
-462
-289
-128
-459
-247
-492
-430
-167
-264
-331
-376
-317
-35
-491
-499
-405
-391
-84
-27
0
-458
-375
-188
-267
-323
-390
-481
-341
-72
-92
-84
-103
-233
-69
-142
-100
-313
-80
-307
-463
-488
-36
-44
-492
-264
4
-48
-143
-271
-42
-141
-351
-165
-259
-131
-300
-211
-179
-338
-378
-229
-37
-234
-52
-131
-210
-265
5
-362
-361
-100
-235
-295
-345
-496
-433
-96
-291
-315
-90
-415
-447
-270
-376
-119
-404
-239
-192
-3
-332
-481
-218
-480
-108
-290
-446
-289
-356
-100
-104
-205
-319
-369
-167
-68
-63
-166
-10
-442
-369
-363
-306
-31
-219
-352
-348
-66
-193
-152
-497
-465
-46
-488
-77
-219
-371
-181
-383
-374
-261
-329
-294
-208
-41
-214
-412
-56
-153
-32
-334
-9
-252
-66
-68
-285
-31
-425
-209
-344
-186
-134
-187
-103
-67
-14
-149
-237
-26
-475
-195
-381
-232
-210
-173
-8
-28
-347
-286
-335
-35
-88
1
-78
-494
-171
-297
-489
-404
-269
-49
-255
-466
-102
-314
-146
-241
-49
-277
-105
-94
-332
-113
-353
-117
-474
-37
-457
-491
-406
-267
-445
-373
-261
-404
-71
-247
-292
-106
-101
-468
1
-216
-94
-486
-178
-63
-110
-395
-370
-165
-204
-442
-380
-37
-85
-73
-290
-421
-245
-193
9
-387
-97
-398
-371
-496
-438
-106
-124
-308
-362
-1
-283
-481
-158
-242
-480
-478
-200
-372
-233
-219
-275
-80
-16
-197
-114
-431
-483
-46
-15
-496
-279
-183
-417
-311
-107
-237
-169
-243
-487
-193
-113
-323
-249
-404
-163
-403
-221
-142
-64
-484
-251
-311
-252
-244
-19
-109
-417
-243
-401
-230
-469
-272
-219
-422
-47
-22
-410
-401
-83
-35
-275
-461
-60
-421
-266
-393
-102
-28
-462
-102
-25
-318
-427
-448
-57
-88
-68
-51
-452
-473
-173
-488
-86
-367
-424
-155
-39
-78
-392
-472
-176
-229
-99
-403
-185
-135
-366
-113
-192
-37
-287
-5
-500
-77
-170
-345
-382
-247
-496
-478
-431
-485
-125
-467
-26
-49
-457
-193
-333
1
-116
-402
-450
-483
-211
-47
-322
-357
-91
-376
-235
-95
-174
-172
-135
-419
-225
-13
-478
-306
-236
-241
-43
-29
-69
-55
-270
-349
-14
-414
-353
-36
-83
-86
-96
-344
-205
-414
-200
-263
-326
-43
-48
-333
-128
-236
-248
-267
-44
-434
-266
-342
-124
-141
-382
-309
-212
-3
-369
-30
-472
-168
-367
-240
-285
-39
-74
-226
-85
-429
-305
-211
-85
-326
-361
-361
-283
-202
-374
-378
-189
-286
-340
-373
-360
-271
-488
-134
-238
-10
-228
-271
-462
-181
-323
-87
-493
-433
-248
-479
-414
-171
-91
-37
-227
-178
-99
-284
-219
-368
-180
-132
-323
-483
-494
-50
-214
-212
-367
-338
-30
-250
-83
-451
-444
-314
-21
-10
-434
-489
-228
-274
-140
-234
-166
-157
4
-69
-108
-420
-449
-77
8
-437
-354
-386
-337
-163
-172
-419
-141
-333
-78
-6
-127
-41
-309
-141
-353
-346
-182
-150
-108
7
-41
-457
-180
-481
-78
-328
-420
-450
-349
-71
-233
-393
-26
-276
-21
-73
-253
-49
-455
-110
-457
-166
-388
-266
-403
-137
-363
-403
-276
-85
-446
-348
-164
-249
-462
-123
-128
-348
-397
-351
-285
-294
-239
-185
-112
-238
-476
-216
-435
-492
-254
-475
-490
-42
-463
-409
-57
-256
-183
-395
-488
-279
-172
-277
-115
-459
9
-152
-408
-167
-346
-243
-145
-417
-40
-147
-203
-148
-380
-214
-255
-248
-341
-102
-183
-165
-183
-226
-395
-179
-440
-472
-432
-53
-156
-287
-51
-175
-99
-415
-247
-429
-349
-137
-348
-332
-71
-429
-51
-266
-338
-56
-60
-72
-415
-220
-441
-478
-352
-466
3
-272
-25
-28
-149
-397
-157
-14
-121
-500
-221
-257
-184
-188
-90
-114
-212
-495
-305
-299
-102
-78
-404
-262
-232
-31
-382
-126
9
-495
-19
-101
-486
-30
-433
-227
-333
-405
-258
-403
-112
-430
-340
-438
-39
-2
-147
-109
-97
-397
-444
-285
-171
-117
-498
-28
-337
-345
-397
-21
-29
-109
-163
-37
-149
-322
-146
-277
-9
-68
-39
-152
-193
-391
-314
-39
-231
-30
-187
-277
-62
-438
-352
-392
-49
-492
-108
-88
-479
-92
-473
-142
-341
-303
-347
-353
-288
-380
-292
-213
-248
-84
-109
-133
-341
-273
-213
-447
-241
-426
-149
-406
-157
-221
-377
-304
-327
-486
-85
-435
-294
-475
-326
-11
-178
-226
-437
-228
-149
-356
-384
-198
-406
-437
-312
-491
-466
-372
-239
-176
-315
-392
-6
-219
-206
-352
-322
-446
-174
-266
-177
-223
-437
-260
1
-482
-128
-57
-102
-178
-493
-413
-467
-220
-459
-246
-340
3
-90
-329
-201
8
-4
-305
-473
9
0
-443
-149
-399
-494
-132
-40
-382
-127
-486
-500
-276
-77
-78
-200
-40
-275
-133
-21
-427
-191
-22
-197
-305
-45
-210
-159
-427
-89
-97
-385
-117
-385
-220
-273
-128
-172
-183
-238
-442
-318
-31
-193
-496
-444
-484
-2
-35
-191
-165
-287
-426
-216
-106
-222
-181
-143
-264
-263
-66
-141
-281
-219
-305
-149
-366
-198
-64
-173
-411
-276
-255
-390
-18
-452
-138
-346
-451
-218
-290
-1
-244
-167
-339
-274
-125
-354
-373
-442
-448
-146
-489
-280
-327
-245
9
-14
-211
-84
-177
-308
-298
-17
-378
-74
-358
-20
-200
-489
-163
-116
-492
-235
-15
1
-303
-192
-75
-9
-421
-355
-224
-212
-123
-263
-8
-267
-318
-462
-497
-470
-397
-333
-485
-19
-345
-306
-299
-246
-432
-341
-448
-302
-260
-160
-40
-330
-463
-203
-383
-219
-425
-268
-218
-148
-153
-37
-298
-113
-67
-195
-271
-200
-70
-430
-474
-246
-211
-130
-28
-477
-285
-356
-62
-388
-106
-174
-237
-264
-9
-16
-447
-249
-48
-187
-339
-78
-128
-416
-425
-315
-61
-188
-214
-398
-21
-138
-396
-488
-188
-368
-173
-469
-488
-175
-403
-7
-379
-339
-464
-262
1
-413
-470
-205
-408
-304
-248
-383
-211
-440
-253
-273
-493
-446
-51
-92
-191
-41
-371
-198
-10
-468
-378
-18
-133
-223
-224
-380
-298
-80
-226
-250
-198
-243
-168
-16
-212
-111
-87
-377
-409
-147
-241
7
-495
-208
-107
-62
-421
-490
-2
8
-444
-3
-22
-424
-278
-279
-341
-98
-99
8
-355
-329
-280
-477
-197
-197
-399
-54
-374
-328
-205
-297
-160
-293
-254
-96
-303
-330
-259
6
-103
-334
-473
-495
-85
-29
-398
-75
-145
-145
-323
-1
-139
-492
-336
-93
-486
-315
-233
-177
-355
-16
-263
-174
-64
-458
-276
-107
-126
-427
-383
-62
-129
-203
-488
-198
-487
-275
-328
-221
-387
-218
-485
-271
-313
-38
-159
-211
-476
-363
-57
-12
-57
-460
-147
-210
-233
-126
-284
-479
-235
-44
-112
-287
-119
-375
-81
-437
-54
-264
-337
-480
-286
-353
-490
-330
-286
-294
-493
-387
-227
-400
-213
-302
-313
-127
-320
-317
-157
-158
-244
-160
-416
-310
-450
-391
-414
-311
-328
-348
-146
-206
-53
-249
-327
-51
-402
-445
-426
-372
-196
-380
-413
-96
-363
-92
-348
-22
-130
-26
-46
-195
-213
-146
-3
-102
-307
-465
-245
-269
-281
-458
-419
-33
-361
-155
-350
-374
-156
-348
-136
-447
-430
-307
-462
-322
-229
-210
-23
-156
-160
-459
-181
-478
-308
-174
-202
-36
-414
-405
-48
-417
-320
-190
-289
-342
0
-315
-272
-220
-292
-174
3
-370
-496
-223
7
-300
-387
-493
-460
-491
-288
-13
-350
-286
-183
-287
-289
-460
-456
-164
-486
-1
-228
-180
-158
-72
-116
-422
-89
-171
-246
-39
-262
-231
-378
-471
-125
-375
-245
-428
-407
-400
-217
-349
-114
-323
-309
-11
-301
-87
-199
-39
-31
-229
-164
-308
-425
-100
-104
-307
-139
-211
-289
-3
-87
-30
-161
-9
-387
-487
-224
-371
-223
-16
-209
-64
-125
-202
-66
-450
-199
-57
-394
-317
-216
-134
-448
-314
-412
-271
-221
-482
-273
-248
-47
-382
-75
-499
-278
-391
-136
-50
-256
-71
-244
-47
-350
-271
-281
-326
-231
-44
-55
-277
-495
-197
-345
-398
-304
-301
-46
-483
-180
-386
-371
-89
-40
-347
-478
-44
6
-252
-8
-285
-125
-123
-333
-129
-70
-245
-446
-160
-327
-155
-137
-413
-396
-416
-382
-12
-269
-334
-386
-213
-420
-58
-120
-257
-171
-86
-305
-310
-74
-300
-233
-346
-480
-400
-347
-369
-246
-83
-479
-229
-328
-359
-30
-121
-398
-190
-380
-244
-155
-459
-132
-239
-326
-470
-137
-265
-386
-120
-310
-203
-312
-248
-226
-446
-149
-10
-337
-245
-280
-467
-156
-49
-85
-192
-346
-358
-386
-82
-161
-335
-437
-119
-331
-93
-174
-332
-369
-109
-154
-457
-266
-493
-120
-241
-356
0
-65
-289
-336
-428
-356
-55
-91
-474
-277
-89
-36
-241
-43
-364
-497
-277
-374
-109
-15
7
-368
-202
-435
-181
-401
-261
-301
-204
-128
-313
-131
-398
-247
-491
-104
-200
-127
-152
-401
-120
-167
-261
-74
-195
-48
-355
-235
-428
-132
-298
-493
-314
-71
-455
-155
-414
-460
-462
-101
-301
-302
-68
-401
-170
-457
-293
-173
-33
-225
-250
-418
-15
5
-132
-281
-399
-25
3
-11
-378
-336
-395
-336
-155
-63
-405
-304
-9
-293
-284
-483
-53
-140
-272
-100
-494
-279
-362
-431
-448
-482
-286
-140
-328
-296
-351
-114
-234
-180
-206
-476
-296
-111
-219
-156
-380
-395
-294
-248
-238
-187
-159
-252
-326
-366
-319
-202
-313
-390
-214
-143
-412
-347
-287
-97
-405
-274
-97
-153
-247
-379
-350
-354
-259
-343
-199
-327
-100
-35
-403
-248
-227
-165
-314
-201
-273
-135
-28
-235
-318
-107
-247
-291
-280
-114
-364
-14
-313
-114
-37
-19
-72
-274
-347
-377
-4
-267
-228
-443
-118
-500
-229
-147
-495
-151
-17
-247
-189
-58
-114
-461
-290
-422
-154
-97
-206
-282
-487
-404
-63
-354
-445
-307
-87
-337
-61
-199
7
-308
-418
-485
-94
-102
-373
-90
-456
-138
-217
-438
-9
-3
-376
-277
-155
-452
-157
-254
-376
-148
-152
-121
-76
-210
-50
-10
-436
-441
-262
-36
-385
-231
-455
-434
-61
-429
-328
-161
-283
-451
-295
-354
-228
-482
-174
5
-163
-230
-67
-318
-308
-366
-265
-188
-33
-419
-471
-304
2
-5
-384
-241
-135
-70
-186
-292
-272
-431
-327
-36
-396
-77
-95
-387
-111
-113
-245
-31
-302
-423
-17
-197
-7
-237
-317
-387
-214
-206
-417
-222
-316
-420
-86
-219
-304
-139
-276
-41
-81
-178
-43
-382
-307
-37
-33
-11
-301
4
-476
-180
-109
-367
-222
-368
-35
-9
-422
-344
-85
-484
-136
8
-332
-172
-362
-185
-408
-348
-124
-171
-209
-244
-366
-463
-104
-389
-425
-42
7
-262
-77
-213
-462
-200
-45
-208
-162
-48
-361
-355
-17
-214
-288
-339
-493
-387
1
-288
-152
-417
-447
-446
-368
-173
-141
-189
-275
-55
-32
-160
-52
-90
-373
-275
-252
-175
-150
-371
-275
-471
9
-345
-315
-95
-430
-413
-33
-130
-138
-269
-76
-187
-148
-481
-13
-481
-305
-1
-234
-38
-413
-63
-319
-296
-172
-465
-220
-108
-152
-167
-347
-208
-473
-472
-186
-468
-414
-175
-36
-73
-316
3
-86
-63
-347
-313
-211
-96
-361
-130
-280
-296
-377
-56
-443
7
-118
-214
-375
-244
-17
-244
-309
-435
-393
-273
-260
-117
-454
-163
-482
-137
-110
-301
-26
-321
-386
-445
8
-402
-191
-331
-329
-139
-46
-334
-344
-229
-472
-242
0
-374
-391
-56
-236
-306
-1
-105
-407
-228
-292
-89
-97
-252
-53
-166
-471
-234
-211
-250
-297
-143
-452
-249
-419
-499
-262
-395
-216
-175
-354
-18
-32
-418
-449
-207
-157
-484
-163
-488
-366
-419
-228
-277
-293
-104
-342
-433
-63
-88
-74
-56
-185
-233
-130
-455
-322
-263
-74
-377
-489
-228
-32
-431
-324
-136
-476
-484
-446
-405
-198
-339
-267
-410
-230
-7
-38
-423
-382
-124
-127
-187
-173
-480
-194
-291
-446
-86
-261
-368
-400
-467
-355
-417
-500
-370
-459
-316
-367
-444
-337
-416
-23
-122
-459
-410
-27
-134
-81
-37
-99
-203
-445
-75
-357
-212
-423
-317
-244
-341
-413
-437
-334
-65
-216
-324
-65
-87
-48
-440
-203
-262
-481
-136
-183
-389
-400
-459
-404
-291
-330
-16
-346
-77
-38
-211
-219
-159
-460
-317
-67
-126
-267
-45
-232
-452
-297
-112
-352
-482
-197
-152
-144
-299
-253
-442
-116
-299
-175
-98
-451
-191
-447
-117
-99
-358
-12
-46
-226
-154
-427
-239
-299
-272
-287
-38
-498
-324
-437
-297
-461
-255
-212
-383
-433
-187
-360
3
-122
-350
-191
-453
-108
-50
-5
-429
-8
-499
-485
-211
-253
-477
-448
-384
-434
-499
-210
-93
-91
-240
-323
-198
-359
-270
-79
-176
-10
-416
-258
-324
-473
-396
-464
-228
-1
-483
-319
-460
-464
-20
-31
-222
-206
-9
-150
-214
-269
-42
-56
-120
-327
-141
-225
-437
-93
-480
-489
1
-153
-260
-84
-312
-389
-449
-200
-236
-323
-409
-418
-77
-93
-497
-350
-210
-455
-314
-282
-158
-450
-294
-419
-306
-419
-30
-483
-439
-58
-279
-218
-268
-278
-327
-89
-465
-401
-80
-150
-138
-7
-353
-42
-177
-211
-268
-239
-225
-451
-450
-411
-235
-157
-267
-460
-483
-468
-174
-281
-214
-472
-371
-206
-79
-120
-319
-3
-470
-297
-231
-206
-151
-474
-54
-458
-143
-447
-127
-242
-191
-243
-478
-374
3
-163
-462
-307
-207
-484
-138
-126
-473
-244
-279
-20
-64
-439
0
-485
-23
-30
-65
-124
-194
-464
-243
-478
-492
-148
-203
-129
-140
-165
-499
-63
-466
-199
-472
-325
-335
-43
-499
-129
-220
-376
-228
-194
-57
-118
-6
-278
-423
-252
-500
-116
-349
-333
-492
5
-152
-422
-25
-225
-310
-149
-474
-62
-387
-345
-178
-83
-303
-302
-347
-468
-290
-242
-499
-70
3
-49
-116
-199
-318
-135
-239
-74
-287
-282
-313
-432
-490
-444
-202
-412
-169
-409
-184
-385
-256
-253
-497
-335
-308
-369
8
-277
-34
-76
-283
-484
-420
-461
-500
-67
-337
-111
-171
-296
-128
-320
-55
-169
-306
-316
-474
-246
-244
-303
-131
-297
-68
-269
-165
-393
-488
-294
-473
-254
-293
-339
-453
-149
-272
-123
-161
-230
-422
-299
-493
-114
-377
-448
-360
-10
-370
-342
-9
-77
-188
-357
-157
-280
-131
-74
-219
-64
-45
-36
-152
-185
-177
-391
-353
-409
-385
-403
-360
-461
-457
-361
-179
-275
-166
-373
-387
-214
-247
-430
-335
-279
-258
-310
-168
-74
-47
-336
-394
-451
-218
-202
-152
-226
-103
-121
-282
-40
9
-448
-437
-124
-192
-137
-189
-496
-142
-486
-161
-116
-237
-29
-312
3
-306
-67
-320
-367
-260
-421
-121
-186
-191
-44
-225
-443
-11
-401
-84
-10
-13
-184
-345
-135
-326
-37
-41
-43
-262
-441
-94
-50
-337
-299
-321
-162
-421
-34
-416
-54
-447
-451
-58
-84
-387
-213
-404
-454
-151
-461
-440
-72
-426
-497
-279
-356
-144
-198
-397
6
-14
-138
-178
-18
-30
-214
-80
-161
-18
-427
-182
-202
-401
-319
-411
-392
-218
-114
-98
-243
-287
-296
-207
-240
-373
-445
-260
-373
-498
-156
-342
-414
-62
-30
-163
-458
6
-201
-443
-463
-67
-1
-76
-102
-420
-421
-415
-384
-268
-402
-216
-284
-229
-500
-264
-13
-282
-281
-465
-371
-467
-303
-131
-50
6
-301
-126
-111
-431
-311
-368
-408
-403
-40
-249
-314
-419
-443
-193
-8
-151
-496
-183
-201
-125
-292
-440
-400
-122
-13
-48
-420
-447
-369
-216
-456
-396
-18
1
-294
-332
-186
-202
-41
-267
-83
-150
-425
-250
-230
-178
-304
-211
-265
-114
-75
-268
-186
-97
-413
-56
-450
-455
-343
-145
-110
-331
-285
-176
-411
-52
-27
-130
-302
-361
-321
-1
-206
-98
-446
-455
-405
-491
-13
-128
-372
-62
-195
-383
-78
-105
-276
-345
-496
-12
-217
-367
-448
-356
-239
-189
-103
-166
-278
-345
-136
-255
-433
-460
-187
-63
-372
-137
-53
-8
-340
-135
-400
-396
-255
-350
-317
-359
-77
-325
-157
-277
-105
-103
-177
-56
-385
-21
-310
-200
-159
-34
-346
-187
-18
-232
-446
-310
-495
-276
-282
-325
-471
-407
-228
-316
-307
-270
-490
-480
-84
-135
-392
-82
-342
-9
-63
-193
-322
-330
-473
-212
-363
-153
-482
-471
-289
-425
-492
-472
-430
-448
-460
-488
-491
-134
-440
-201
-181
-128
-298
-251
8
-22
-102
-214
-153
-46
-275
-176
-382
-455
-334
-48
-218
-265
-355
-384
-236
-362
-237
-298
-218
-263
-93
-382
-383
-64
-261
-143
-341
-322
-66
-439
-18
-12
-114
-376
-182
-181
-41
-343
-440
-394
-323
-91
-228
-485
-424
-266
-251
-6
-70
-141
-424
8
-197
-289
-332
-257
-333
-385
-374
-425
-354
-383
-292
-83
-247
-443
-253
-315
-142
-88
-156
-194
-139
-69
-300
-190
-324
-138
-461
-414
-302
-168
-482
-134
-471
-246
-492
-66
-96
-437
-271
-213
-500
-234
-405
-293
-113
-304
-112
-19
0
-3
-128
-322
-370
-227
-299
-250
-167
-236
-68
-65
-161
-321
-415
-42
-117
-449
-454
-415
-328
-16
-311
-497
-479
-218
-493
-452
-441
-351
-375
-176
-220
-166
-137
-395
-329
-379
-241
-124
-422
-282
-315
-445
7
-172
-340
4
-350
-46
-29
-87
-306
-401
-233
-453
-208
-161
-404
-363
-473
-83
-227
-22
-303
-347
-417
-82
-2
-161
-111
-142
-443
-300
-18
-365
-354
-430
-470
-51
-338
-73
-167
-156
-259
-251
-434
-189
-417
-387
-359
-87
-276
-179
-271
-105
-319
-492
-374
-222
-488
-173
-180
-107
-356
-194
-98
-414
-29
-349
-161
4
-351
-225
-396
-405
-184
-392
-295
-5
-267
-346
-19
-12
-457
-117
-498
-132
-204
-409
-361
-460
-307
-58
-431
-309
-482
-325
-50
-416
-395
-109
-317
-495
-145
-309
9
-341
-383
-25
-442
-115
-19
-170
-366
-149
-469
-37
-447
-471
-123
-275
-475
-271
-401
-44
-261
-418
-278
-330
-377
-112
-392
-97
-280
-446
-376
-224
-181
-402
-214
-169
-69
-84
-161
-446
-47
-118
-410
-176
-350
-221
-244
-101
-100
-273
-341
-267
-179
-345
-363
-337
-308
-99
-200
-9
-81
-413
-22
-492
-347
-193
-498
-366
-112
-177
-498
-298
-437
-386
-82
-434
-79
-176
-20
-333
-256
-7
-245
-445
-445
-133
-37
-451
-92
-21
-206
-477
-149
-324
-157
-389
-321
-183
-381
-237
-130
-261
-142
-376
-307
-332
-42
-128
-298
-471
-468
-400
-463
-299
-387
-498
-126
-158
-151
-392
-259
-272
7
-42
-127
-376
-191
-66
-175
0
-271
-191
-178
-147
-244
-382
-350
-380
-325
-222
-7
-270
-381
-362
-434
-122
-12
-214
-153
-489
-461
-3
-337
-347
-488
-122
-346
-164
-312
-201
-372
-333
-27
-175
-381
-250
-312
-296
-19
-425
-167
-386
-310
-432
-302
-458
-300
-98
-378
-103
-41
-35
-400
-385
-132
-367
3
-423
-289
-315
-277
-140
-259
-66
-449
-18
-168
6
-386
-78
-345
-275
-259
-479
-418
-397
-245
-74
-80
-163
-347
-387
-448
-42
-270
-246
-409
-466
-293
-142
-318
-200
-402
-239
-493
-323
-407
-154
-118
-138
-399
-203
-151
-10
-491
-438
-345
-151
-179
-200
-485
-133
-188
-1
-71
-38
-366
-168
-169
-415
-207
-277
-235
-436
-454
-111
-355
-260
-207
-490
-91
-163
-340
-198
-454
-166
-355
-11
-183
-177
-54
-405
-210
-81
-172
-54
-16
-163
-336
-102
-37
-365
-489
-347
-496
-18
-95
-112
-394
-254
-301
-351
-100
-277
-330
-44
-497
-194
-166
-56
-157
-410
-487
7
-341
-208
-146
-282
-117
-68
-449
-15
-451
-175
-340
-46
-271
-427
-475
-165
-449
-127
-346
-406
-138
-109
-479
-270
-4
-412
-432
-388
-456
-494
-415
-389
-315
-326
-228
-324
-233
-267
-437
-227
-328
-437
-175
-392
-163
3
-76
-256
-401
-193
-252
-411
-187
-207
-270
-7
-18
-482
-14
-455
-81
-156
-236
-258
-356
-490
-382
-119
-394
-58
-319
-91
-295
-152
-315
-160
-47
-31
-259
-252
-130
-319
-239
-99
-55
-168
-149
-65
-6
-241
-209
-178
-255
-497
-347
-5
-173
-255
-419
-462
-319
-26
-162
-280
-13
-464
-228
-444
-116
-279
-452
-484
-282
-195
-411
-292
-462
-464
-320
-388
-484
-114
-371
-454
-444
-153
-316
-144
-470
-346
-483
-431
-362
-175
-3
-487
-469
-308
-307
-144
-430
-108
-316
-167
-446
-159
-113
-65
-148
-286
-276
-204
-409
-283
-213
-302
-342
-44
-142
-51
-90
-220
-199
-357
-288
-256
-69
-413
-370
-386
-485
-99
-69
-293
-15
-238
-394
-344
-355
-86
-220
-288
-99
-381
-222
-156
-67
-45
-348
-387
7
-425
-358
-7
-229
-225
-138
-111
-122
-127
-14
3
-240
-418
-463
-401
-228
-489
-8
-143
-38
-294
-437
-456
-293
-89
-80
-106
-219
-164
-464
-131
-439
-11
-161
-191
-412
-431
-179
-430
-48
-51
-145
-16
-153
-37
-386
-33
-492
-75
-427
5
-252
-495
-87
-399
-1
-318
-466
-264
-235
-249
-258
-387
-190
-248
-267
-19
-245
-124
-452
-66
-389
-105
-103
-196
-429
-113
-181
-22
-307
-238
-194
-418
-147
-386
-461
-59
-137
-408
-108
-53
-300
-267
-387
-242
-36
-358
-185
-214
-46
-154
-176
-236
-148
-134
-174
-317
-35
-107
-412
-442
-186
-13
-233
0
-151
-260
-117
-495
-358
-498
-61
-384
-189
-473
-329
-131
-66
-181
-486
-43
-387
-37
-138
-106
-491
-476
-161
-21
-123
-346
-66
-43
-339
-491
-28
-491
-426
-406
2
-272
-35
-233
-212
-359
-133
-410
-71
-179
-151
-272
-119
-1
-131
-333
-416
-264
-43
-253
-209
-251
-347
-156
-477
-15
-106
-359
-495
-124
-182
-364
8
-44
-12
-207
-100
-374
-188
-473
-283
-348
-354
-374
-73
-423
-11
-166
-33
-18
-20
-326
-16
-411
-345
-202
-426
-490
-130
-93
-281
-348
-9
-485
-74
-208
-130
-73
-332
-218
-461
-358
-144
-235
-460
-390
-111
-434
-466
-167
-280
-460
-276
-82
-472
-431
-16
-135
-409
-272
-135
-366
-325
-397
-139
-211
-359
-179
-170
-178
-465
-4
-204
-462
-118
-390
-75
-128
-490
-268
-496
-201
-479
-357
-133
-246
-262
-43
-74
-397
-170
-412
-474
-283
-134
-211
-416
-272
-72
-51
-242
-253
-127
-105
-237
-4
-346
-174
-126
-410
-218
-279
-360
-127
-292
-333
-275
-470
-186
-376
-500
-345
-314
-240
-33
-448
-363
-6
-201
-35
-341
-345
-64
-141
-21
-355
-69
-150
-267
-47
-106
-279
-64
-252
-397
-317
-271
-295
-172
-423
-198
-36
-147
-176
-337
-337
-138
-5
-433
-454
-107
-165
-7
-115
-253
-150
-415
-102
-360
-306
-245
-130
-280
-397
-7
-102
-27
-240
-188
-347
-464
-247
-209
-90
-423
-78
-146
-110
-417
-268
-122
-284
-330
-113
-256
-79
-282
-220
-139
-390
-486
-67
-329
-121
-212
-423
-138
-465
-234
-91
-17
-410
-105
-1
-261
-87
-461
-380
-43
-37
-14
-446
-267
-360
-450
-237
-57
-450
-42
-499
-461
-280
-156
-132
-255
-385
-47
-193
-161
-78
-310
-183
-394
-253
-390
-187
-253
-167
-451
-222
-185
-77
-339
-160
-479
-480
-486
-335
-354
-53
-224
-300
-289
-202
-408
-55
-48
-98
-109
-292
-319
-127
-265
-310
-38
-326
-159
-65
-143
-492
-153
-381
-79
-322
-215
-391
-430
-243
-62
-284
-268
-216
-169
-413
-95
-80
-189
-36
-290
-242
-458
-96
-95
-486
-193
-135
-142
-60
-12
-239
-43
-88
-43
-110
-163
-282
-144
-82
-469
-189
-166
-316
-343
-33
-134
-423
-71
-412
-108
-401
-212
-49
-235
-181
-240
-437
-34
-343
-214
-285
-128
-161
-454
-373
-295
-116
-178
-127
-326
-455
-53
-40
-289
-81
-265
-427
-1
-30
-397
-304
-319
-184
-73
-388
-476
-308
-28
-102
-190
-112
-93
-99
-429
-461
-339
-394
-51
-287
-314
-378
-295
-219
-50
-28
-394
-152
-300
-26
-20
-67
-470
-103
-196
-297
-91
-274
-87
-235
-488
-197
-240
-148
-326
-8
-66
-380
-37
-365
-302
-497
-307
-58
1
-100
-369
-217
-350
-172
-66
-322
-46
-137
-122
-35
-382
-11
-461
-7
-58
-24
-75
-115
-19
-244
-258
-340
-475
-448
-459
-281
-440
-136
-420
-481
-146
-173
-408
-42
-18
-344
-172
-26
-378
-361
-159
-254
-300
-429
-53
-275
-35
-275
-356
-176
-283
-93
-215
-322
-151
-44
-496
-423
-83
-259
-215
-176
-443
-416
-48
-240
-451
-313
-166
-325
-216
-330
-283
-374
-46
-167
-357
-340
-435
-15
-131
-280
-315
-274
-301
-361
-438
-496
-442
-29
-471
-105
-461
-174
-465
-320
-352
-120
-457
-415
-473
-204
-392
-73
-73
-72
-403
-409
-385
-171
-183
-477
-424
-228
-214
-361
-212
-43
-46
-77
-347
-349
-150
-225
-409
-445
7
-242
-202
-155
-141
-489
-382
-476
-436
-27
-188
-367
-331
-118
-69
-292
-438
-333
-261
-406
-302
-91
-10
-121
-31
-195
-278
-5
-357
-119
-104
-397
-183
-193
-149
-185
-302
-83
-214
-99
-362
-465
-201
-51
-144
-470
-413
-177
-195
-267
-474
-41
-225
-23
-248
-284
-393
-405
-295
-168
-364
-443
-154
-470
-405
-421
-5
-248
-105
-198
-231
-313
-433
-180
-339
-231
-312
-187
-300
-160
-66
-148
-243
-423
-244
-475
-312
-155
-216
-255
-300
-104
-95
-94
-13
-290
-196
-458
-428
-14
-319
-7
-69
-136
-324
-385
-432
-418
-492
-346
-205
-156
-32
-22
-220
-147
-142
-433
-170
-182
-276
-432
-425
-112
-273
-356
-84
-43
-407
-245
-327
-369
-430
-439
-116
-255
-465
-20
-372
-211
-116
-76
-11
-164
-50
-426
-262
-124
-445
-207
-359
-355
-333
-296
-213
-431
-292
-35
-372
-334
-99
-414
-496
-148
-3
-132
-248
-458
-53
-89
-291
-380
-491
-158
-245
-303
-201
-457
-395
-295
-324
-126
-346
-100
-21
-225
1
-120
-42
-418
-416
-388
-35
-436
-315
-16
-189
-449
-302
-67
-315
-40
-457
-389
-210
-84
-367
-355
-484
-85
-455
-137
-386
-185
-490
-162
-219
-36
-287
-236
-435
-355
-17
-356
-255
-188
-449
-300
-383
-28
-393
-301
-486
-8
-373
-20
-137
-266
-120
-133
-408
-398
-176
-295
-147
-126
-366
-81
-7
-382
-325
-322
-54
-124
-93
-75
-286
-390
-193
-243
-285
-454
-316
-116
-181
-371
-266
-5
-224
-438
-183
-373
-6
-271
-40
-428
-249
-376
-112
-331
-6
-81
-92
-109
-328
-483
-364
-43
-128
-420
-353
-393
-17
-369
-96
-341
-400
-77
-385
-337
-145
-361
-110
-344
-236
-115
-365
-94
-380
-102
-391
-351
2
-470
-13
-441
-215
-12
-468
-191
-122
-184
-376
-194
6
-34
-183
-172
-262
-327
-471
-303
-318
-92
-4
-294
-77
-82
-277
-183
-236
-437
-298
-396
-70
-430
-64
-212
-234
-153
-77
-188
-90
-265
-363
-345
-183
-268
-153
-256
-202
-453
-345
-221
-340
-499
-116
-470
-426
-463
-149
-223
-236
-251
-96
-373
-51
-57
-335
-438
-124
-182
-78
-389
-358
-288
-284
-431
-28
9
-216
-345
-140
-105
-178
-60
-275
-82
-348
-473
-16
-189
-89
-120
-255
-218
-144
-276
-363
-282
-453
-199
-477
-359
-17
-146
-22
-267
-280
-482
-78
-131
-87
-406
-276
-167
-112
-31
9
-286
-78
-359
-64
-377
3
-220
-487
-2
-395
-175
-440
-403
-456
-75
-263
-203
-77
-89
-459
-167
-171
-390
-217
-472
-415
-251
-266
-207
-253
-57
-126
-126
-19
-415
-49
-326
-417
-317
-83
-120
-143
-435
-230
-24
-477
-349
-39
-360
-174
-211
-253
-375
-373
-154
-68
-40
-242
-159
-388
-37
-453
-313
-58
-189
-394
-487
-205
-59
-263
-37
-363
-160
-319
-318
-98
-282
-325
-393
-5
-390
-262
-142
-284
8
-133
-47
-170
-383
-202
-428
-319
-104
-51
-98
9
-264
-345
-488
-313
-153
-107
-91
-473
-457
-454
-405
-208
-82
-353
-107
-100
-188
-240
-144
-480
-362
-295
-365
-485
-209
-285
5
-49
-31
-214
-486
-269
-180
-244
-103
-418
-477
-349
9
-96
-34
-90
-369
-59
-123
-84
-29
-403
-70
-344
-147
-187
-475
-481
-326
-465
-180
-276
-47
-42
2
-161
-348
-118
-218
-3
-452
-296
-122
-472
-147
-107
-456
-2
-311
-306
-397
-91
-470
-155
-380
-368
-342
-164
-67
-289
-392
-330
-101
-147
-59
-206
-346
-321
-298
-134
-336
-351
-3
-216
-166
-31
-480
-170
-43
-223
-45
-187
-18
-484
-334
-272
-190
-379
-265
-242
-316
-458
-211
-176
-293
-431
-226
-45
-338
-467
-213
-348
-103
-273
-204
-494
-369
-472
-328
-249
-123
-388
-146
-172
-249
-384
-101
-459
-319
-250
-383
-37
-461
-410
-150
-170
-297
-399
-130
-454
-237
-288
-427
-292
-193
-161
-251
-63
-343
3
-71
-91
-402
-73
-436
1
-95
-63
-34
-53
-247
-279
-71
-408
-391
-460
-140
-362
-484
-375
-257
-156
-499
-117
-255
-406
-387
7
-139
-198
-232
-310
-47
-256
-53
-95
-63
-285
-73
-138
-57
-452
-262
-362
-32
-422
-21
-429
-196
-158
-484
-363
-69
-422
-467
9
-235
-231
-415
8
-165
-390
-80
-190
-39
-292
-264
-447
-130
-471
-93
-427
-350
-463
-67
-488
-276
-61
-5
-92
-491
-500
-65
-349
-68
-234
-441
-157
-452
-148
-444
5
-374
-190
-421
-20
-172
-252
-263
-96
-33
-65
-460
-481
-141
-479
-423
1
-157
-201
-429
-482
-105
-74
-345
-162
-131
-136
-279
-256
-135
-143
-259
-486
-282
-236
-160
-221
-83
-378
-213
-144
-439